probe	chr_pos	141202_M00267_0218_TL141536_TGx140945-MixA_E0136_MLPAbrary_L001_cov	141202_M00267_0218_TL141539_Control-MixA_E0136_MLPAbrary_L001_cov	141202_M00267_0218_TL141540_NTC-MixA_E0136_MLPAbrary_L001_cov	141202_M00267_0218_TL141580_Control-MixA_E0137_MLPAbrary_L001_cov	141202_M00267_0218_TL141601_TGx140975-MixA_E0138_MLPAbrary_L001_cov	141202_M00267_0218_TL141627_TGx140979-MixA_E0140_MLPAbrary_L001_cov	141202_M00267_0218_TL141548_TGx140945-MixB_E0136_MLPAbrary_L001_cov	141202_M00267_0218_TL141551_Control-MixB_E0136_MLPAbrary_L001_cov	141202_M00267_0218_TL141552_NTC-MixB_E0136_MLPAbrary_L001_cov	141202_M00267_0218_TL141592_Control-MixB_E0137_MLPAbrary_L001_cov	141202_M00267_0218_TL141613_TGx140975-MixB_E0138_MLPAbrary_L001_cov	141202_M00267_0218_TL141639_TGx140979-MixB_E0140_MLPAbrary_L001_cov
001_CFTR_a_Nilmn_MixAMixB_ctrl	chr7:117307078-117307150	1325	1426	1	932	1669	1781	1029	1505	0	1168	7653	1729
002_FLCN_1_Nilmn_MixAMixB_ctrl	chr17:17131259-17131319	352	767	0	489	1032	764	262	813	0	545	3324	751
003_GCH1_a_Nilmn_MixAMixB_ctrl	chr14:55332047-55332119	1039	1469	9	996	1741	1663	985	1680	23	1313	7160	1470
004_GPC3_1_Nilmn_MixAMixB_ctrl	chrX:132670260-132670326	905	1337	0	910	1653	1567	811	1562	0	1033	6435	1469
005_IL1B_1_Nilmn_MixAMixB_ctrl	chr2:113590970-113591021	458	739	0	552	898	758	431	825	0	631	3511	868
006_JAG1_a_Nilmn_MixAMixB_ctrl	chr20:10622384-10622447	700	852	0	630	1228	998	529	1019	7	818	4549	1112
007_OPTN_a_Nilmn_MixAMixB_ctrl	chr10:13142648-13142708	655	1048	9	854	1307	1343	525	1492	10	883	5102	1162
008_PANK2_1_Nilmn_MixAMixB_ctrl	chr20:3893229-3893286	627	1005	0	585	1399	1123	716	1312	0	1069	5048	1047
009_BRCA1_up_a_Nilmn_MixB_ctrl	chr17:41277531-41277594	NA	NA	NA	NA	NA	NA	757	730	0	473	1673	726
010_BRCA1_up_b_Nilmn_MixB_ctrl	chr17:41278182-41278242	NA	NA	NA	NA	NA	NA	636	758	21	619	1555	695
011_BRCA1_ex1_a_Nilmn_MixA_ctrl	chr17:41277287-41277344	389	326	6	119	220	320	NA	NA	NA	NA	NA	NA
012_BRCA1_in1_a_Nilmn_MixA_ctrl	chr17:41277046-41277103	1146	814	2	540	566	1093	NA	NA	NA	NA	NA	NA
013_BRCA1_ex1_c_Nilmn_MixB_ctrl	chr17:41277397-41277459	NA	NA	NA	NA	NA	NA	1216	1489	114	1104	3026	1332
014_BRCA1_ex2_a_Nilmn_MixA_ctrl	chr17:41276060-41276123	1336	1067	4	408	560	988	NA	NA	NA	NA	NA	NA
015_BRCA1_ex2_b_Nilmn_MixB_ctrl	chr17:41276019-41276094	NA	NA	NA	NA	NA	NA	1722	1608	11	1254	3204	1606
016_BRCA1_ex3_a_Nilmn_MixA_ctrl	chr17:41267743-41267803	1252	809	4	726	568	936	NA	NA	NA	NA	NA	NA
017_BRCA1_ex3_b_Nilmn_MixB_ctrl	chr17:41267716-41267791	NA	NA	NA	NA	NA	NA	1237	1631	2	841	2555	1496
018_BRCA1_ex4_a_Nilmn_MixA_ctrl	chr17:41258486-41258549	1759	1093	7	908	792	1234	NA	NA	NA	NA	NA	NA
019_BRCA1_ex4_b_Nilmn_MixB_ctrl	chr17:41258432-41258517	NA	NA	NA	NA	NA	NA	1356	1722	6	905	2071	1387
020_BRCA1_ex5_a_Nilmn_MixA_ctrl	chr17:41256905-41256974	1925	1348	0	1064	862	1536	NA	NA	NA	NA	NA	NA
021_BRCA1_ex5_b_Nilmn_MixB_ctrl	chr17:41256858-41256936	NA	NA	NA	NA	NA	NA	1806	1795	29	947	2815	1549
022_BRCA1_ex6_a_Nilmn_MixA_ctrl	chr17:41256137-41256197	1677	960	2	834	697	1077	NA	NA	NA	NA	NA	NA
023_BRCA1_ex6_b_Nilmn_MixB_ctrl	chr17:41256178-41256250	NA	NA	NA	NA	NA	NA	1243	1218	9	855	2121	1178
024_BRCA1_ex7_a_Nilmn_MixA_ctrl	chr17:41251815-41251881	1509	1027	3	841	666	1135	NA	NA	NA	NA	NA	NA
025_BRCA1_ex7_b_Nilmn_MixB_ctrl	chr17:41251863-41251941	NA	NA	NA	NA	NA	NA	1407	1451	11	976	2630	1337
026_BRCA1_ex8_a_Nilmn_MixA_ctrl	chr17:41249226-41249307	2252	1695	3	1216	1050	1839	NA	NA	NA	NA	NA	NA
027_BRCA1_ex8_b_Nilmn_MixB_ctrl	chr17:41249219-41249294	NA	NA	NA	NA	NA	NA	1482	1480	22	906	2770	1382
028_BRCA1_ex9_a_Nilmn_MixA_ctrl	chr17:41247877-41247940	1569	1095	10	878	651	1439	NA	NA	NA	NA	NA	NA
029_BRCA1_ex9_b_Nilmn_MixB_ctrl	chr17:41247855-41247921	NA	NA	NA	NA	NA	NA	1187	1191	13	838	1759	1098
030_BRCA1_ex10_a_Nilmn_MixA_ctrl	chr17:41246748-41246811	1388	833	3	703	564	880	NA	NA	NA	NA	NA	NA
031_BRCA1_ex10_b_Nilmn_MixA_ctrl	chr17:41243935-41243995	1694	1040	3	876	573	1202	NA	NA	NA	NA	NA	NA
032_BRCA1_ex10_c_Nilmn_MixB_ctrl	chr17:41245499-41245568	NA	NA	NA	NA	NA	NA	1697	1370	3	1008	2762	1327
033_BRCA1_ex11_a_Nilmn_MixA_ctrl	chr17:41242961-41243027	1927	973	5	776	722	1089	NA	NA	NA	NA	NA	NA
034_BRCA1_ex11_b_Nilmn_MixB_ctrl	chr17:41242949-41243018	NA	NA	NA	NA	NA	NA	1704	1331	9	1248	2781	1281
035_BRCA1_ex12_a_Nilmn_MixA_ctrl	chr17:41234500-41234560	1151	671	6	600	902	970	NA	NA	NA	NA	NA	NA
036_BRCA1_ex12_b_Nilmn_MixB_ctrl	chr17:41234500-41234560	NA	NA	NA	NA	NA	NA	1294	1309	10	867	4723	1080
037_BRCA1_ex12_c_Nilmn_MixB_ctrl	chr17:41234428-41234506	NA	NA	NA	NA	NA	NA	2500	2275	31	1393	6883	2018
038_BRCA1_in12_a_Nilmn_MixA_ctrl	chr17:41231382-41231454	3764	4844	0	2822	5730	5142	NA	NA	NA	NA	NA	NA
039_BRCA1_ex13_a_Nilmn_MixA_ctrl	chr17:41228533-41228599	1498	1232	10	763	1513	1229	NA	NA	NA	NA	NA	NA
040_BRCA1_ex13_b_Nilmn_MixB_ctrl	chr17:41228532-41228592	NA	NA	NA	NA	NA	NA	1085	1002	23	1088	4346	845
041_BRCA1_ex14_a_Nilmn_MixA_ctrl	chr17:41226433-41226496	1440	1148	62	856	1412	1265	NA	NA	NA	NA	NA	NA
042_BRCA1_ex14_b_Nilmn_MixB_ctrl	chr17:41226363-41226435	NA	NA	NA	NA	NA	NA	1367	1235	12	782	4743	1092
043_BRCA1_ex15_a_Nilmn_MixA_ctrl	chr17:41223191-41223248	1495	1017	2	562	1114	1024	NA	NA	NA	NA	NA	NA
044_BRCA1_ex15_b_Nilmn_MixB_ctrl	chr17:41223124-41223193	NA	NA	NA	NA	NA	NA	1505	1396	12	1036	4144	1027
045_BRCA1_ex16_a_Nilmn_MixA_ctrl	chr17:41219642-41219711	1455	1053	4	1079	1175	1164	NA	NA	NA	NA	NA	NA
046_BRCA1_ex16_b_Nilmn_MixB_ctrl	chr17:41219585-41219660	NA	NA	NA	NA	NA	NA	1403	1543	9	1200	4939	1462
047_BRCA1_ex17_a_Nilmn_MixA_ctrl	chr17:41215911-41215974	1655	1283	5	969	1480	1578	NA	NA	NA	NA	NA	NA
048_BRCA1_ex17_b_Nilmn_MixB_ctrl	chr17:41215861-41215930	NA	NA	NA	NA	NA	NA	1851	1593	24	1300	5636	1513
049_BRCA1_ex18_a_Nilmn_MixA_ctrl	chr17:41215333-41215399	1183	988	4	436	1184	888	NA	NA	NA	NA	NA	NA
050_BRCA1_ex18_b_Nilmn_MixB_ctrl	chr17:41215389-41215464	NA	NA	NA	NA	NA	NA	1463	1103	4	1042	5168	1339
051_BRCA1_ex19_a_Nilmn_MixA_ctrl	chr17:41209081-41209141	1115	706	0	641	812	1004	NA	NA	NA	NA	NA	NA
052_BRCA1_ex19_b_Nilmn_MixB_ctrl	chr17:41209139-41209214	NA	NA	NA	NA	NA	NA	1173	1344	5	953	4889	1385
053_BRCA1_ex20_a_Nilmn_MixA_ctrl	chr17:41203073-41203134	953	612	7	507	817	738	NA	NA	NA	NA	NA	NA
054_BRCA1_ex20_b_Nilmn_MixB_ctrl	chr17:41202988-41203060	NA	NA	NA	NA	NA	NA	1542	1661	2	970	5637	1350
055_BRCA1_ex21_a_Nilmn_MixA_ctrl	chr17:41201134-41201191	964	747	8	561	766	864	NA	NA	NA	NA	NA	NA
056_BRCA1_ex21_b_Nilmn_MixB_ctrl	chr17:41201178-41201247	NA	NA	NA	NA	NA	NA	1565	1797	6	1380	7016	1615
057_BRCA1_ex22_a_Nilmn_MixA_ctrl	chr17:41199671-41199725	363	232	7	88	335	259	NA	NA	NA	NA	NA	NA
058_BRCA1_ex22_b_Nilmn_MixB_ctrl	chr17:41199596-41199668	NA	NA	NA	NA	NA	NA	1501	1518	24	1181	5645	1482
059_BRCA1_ex23_a_Nilmn_MixA_ctrl	chr17:41197201-41197276	1700	1208	14	905	1571	1390	NA	NA	NA	NA	NA	NA
060_BRCA1_ex23_b_Nilmn_MixB_ctrl	chr17:41197760-41197823	NA	NA	NA	NA	NA	NA	825	789	25	812	3232	880
061_BRCA2_up_a_Nilmn_MixB_ctrl	chr13:32888196-32888271	NA	NA	NA	NA	NA	NA	552	1492	3	657	5308	1490
062_BRCA2_ex1_a_Nilmn_MixA_ctrl	chr13:32889594-32889654	473	875	11	499	1235	589	NA	NA	NA	NA	NA	NA
063_BRCA2_ex1_b_Nilmn_MixA_ctrl	chr13:32889802-32889865	221	310	3	353	455	247	NA	NA	NA	NA	NA	NA
064_BRCA2_ex1_c_Nilmn_MixB_ctrl	chr13:32889718-32889790	NA	NA	NA	NA	NA	NA	295	920	10	778	3252	561
065_BRCA2_ex2_a_Nilmn_MixA_ctrl	chr13:32890600-32890666	358	339	0	285	570	256	NA	NA	NA	NA	NA	NA
066_BRCA2_ex2_b_Nilmn_MixB_ctrl	chr13:32890573-32890648	NA	NA	NA	NA	NA	NA	638	1163	1	829	4875	802
067_BRCA2_ex3_a_Nilmn_MixA_ctrl	chr13:32893539-32893617	1047	1281	6	967	1666	1716	NA	NA	NA	NA	NA	NA
068_BRCA2_ex3_b_Nilmn_MixA_ctrl	chr13:32893361-32893438	777	1092	0	567	1370	1325	NA	NA	NA	NA	NA	NA
069_BRCA2_ex3_c_Nilmn_MixB_ctrl	chr13:32893489-32893567	NA	NA	NA	NA	NA	NA	918	1726	22	745	5798	1566
070_BRCA2_ex4_a_Nilmn_MixA_ctrl	chr13:32899205-32899282	939	1566	16	1130	2036	2113	NA	NA	NA	NA	NA	NA
071_BRCA2_ex4_b_Nilmn_MixB_ctrl	chr13:32899267-32899336	NA	NA	NA	NA	NA	NA	781	1976	29	1338	6794	1684
072_BRCA2_ex5_a_Nilmn_MixA_ctrl	chr13:32900240-32900321	839	1295	6	1180	1677	1866	NA	NA	NA	NA	NA	NA
073_BRCA2_ex5_b_Nilmn_MixB_ctrl	chr13:32900006-32900081	NA	NA	NA	NA	NA	NA	786	1483	3	1033	6136	1832
074_BRCA2_ex6_a_Nilmn_MixA_ctrl	chr13:32900361-32900436	448	831	7	843	1043	1085	NA	NA	NA	NA	NA	NA
075_BRCA2_ex6_b_Nilmn_MixB_ctrl	chr13:32900467-32900542	NA	NA	NA	NA	NA	NA	851	1660	23	1123	5794	1843
076_BRCA2_ex7_a_Nilmn_MixA_ctrl	chr13:32900676-32900745	689	1077	15	810	1373	1206	NA	NA	NA	NA	NA	NA
077_BRCA2_ex7_b_Nilmn_MixB_ctrl	chr13:32900782-32900863	NA	NA	NA	NA	NA	NA	860	1992	14	1004	6223	2114
078_BRCA2_ex8_a_Nilmn_MixA_ctrl	chr13:32903290-32903362	1291	1603	6	1156	2044	2268	NA	NA	NA	NA	NA	NA
079_BRCA2_ex8_b_Nilmn_MixB_ctrl	chr13:32903577-32903655	NA	NA	NA	NA	NA	NA	860	1920	0	1128	6134	2163
080_BRCA2_ex8_c_Nilmn_MixB_ctrl	chr13:32903740-32903812	NA	NA	NA	NA	NA	NA	612	1493	8	851	5229	1563
081_BRCA2_ex9_a_Nilmn_MixA_ctrl	chr13:32905120-32905195	770	766	6	708	1167	1315	NA	NA	NA	NA	NA	NA
082_BRCA2_ex9_b_Nilmn_MixB_ctrl	chr13:32905051-32905124	NA	NA	NA	NA	NA	NA	814	1668	14	1186	7148	1736
083_BRCA2_ex10_a_Nilmn_MixA_ctrl	chr13:32906737-32906806	805	1308	5	1003	1555	1586	NA	NA	NA	NA	NA	NA
084_BRCA2_ex10_b_Nilmn_MixB_ctrl	chr13:32907029-32907104	NA	NA	NA	NA	NA	NA	858	1848	29	1008	6260	1561
085_BRCA2_ex11_a_Nilmn_MixA_ctrl	chr13:32910426-32910498	713	1217	5	863	1687	1703	NA	NA	NA	NA	NA	NA
086_BRCA2_ex11_b_Nilmn_MixA_ctrl	chr13:32915229-32915304	1057	1247	0	1045	1761	1944	NA	NA	NA	NA	NA	NA
087_BRCA2_ex11_c_Nilmn_MixB_ctrl	chr13:32913997-32914066	NA	NA	NA	NA	NA	NA	776	1476	4	931	6111	1496
088_BRCA2_ex11_e_Nilmn_MixB_ctrl	chr13:32911465-32911540	NA	NA	NA	NA	NA	NA	794	1880	59	1267	7007	1704
089_BRCA2_ex11d_Nilmn_MixB_ctrl	chr13:32915299-32915374	NA	NA	NA	NA	NA	NA	814	1608	27	1077	7161	1937
090_BRCA2_ex12_a_Nilmn_MixA_ctrl	chr13:32918482-32918557	936	1121	37	887	1679	1637	NA	NA	NA	NA	NA	NA
091_BRCA2_ex12_b_Nilmn_MixB_ctrl	chr13:32918751-32918826	NA	NA	NA	NA	NA	NA	791	1831	5	866	4714	1665
092_BRCA2_ex13_a_Nilmn_MixA_ctrl	chr13:32920974-32921043	815	1145	14	877	1678	1806	NA	NA	NA	NA	NA	NA
093_BRCA2_ex13_b_Nilmn_MixB_ctrl	chr13:32920849-32920933	NA	NA	NA	NA	NA	NA	688	1885	19	855	5563	1771
094_BRCA2_ex14_a_Nilmn_MixA_ctrl	chr13:32929122-32929203	590	918	23	792	1448	1273	NA	NA	NA	NA	NA	NA
095_BRCA2_ex14_b_Nilmn_MixB_ctrl	chr13:32929232-32929307	NA	NA	NA	NA	NA	NA	560	1226	19	944	4857	1365
096_BRCA2_ex15_a_Nilmn_MixA_ctrl	chr13:32930642-32930711	642	869	21	1021	1482	1492	NA	NA	NA	NA	NA	NA
097_BRCA2_ex15_b_Nilmn_MixB_ctrl	chr13:32930600-32930666	NA	NA	NA	NA	NA	NA	685	1218	2	1018	5690	1249
098_BRCA2_ex16_a_Nilmn_MixA_ctrl	chr13:32931983-32932055	775	1074	5	997	1697	1631	NA	NA	NA	NA	NA	NA
099_BRCA2_ex16_b_Nilmn_MixB_ctrl	chr13:32932193-32932268	NA	NA	NA	NA	NA	NA	729	1974	72	1204	7683	1686
100_BRCA2_ex16_c_Nilmn_MixB_ctrl	chr13:32931920-32931989	NA	NA	NA	NA	NA	NA	754	1527	19	1010	6544	1519
101_BRCA2_ex17_a_Nilmn_MixA_ctrl	chr13:32936745-32936814	719	1155	7	865	1368	1249	NA	NA	NA	NA	NA	NA
102_BRCA2_ex17_b_Nilmn_MixB_ctrl	chr13:32936881-32936947	NA	NA	NA	NA	NA	NA	658	1556	1	1143	7151	1665
103_BRCA2_ex18_a_Nilmn_MixA_ctrl	chr13:32937566-32937641	621	933	1	645	1259	1067	NA	NA	NA	NA	NA	NA
104_BRCA2_ex18_b_Nilmn_MixB_ctrl	chr13:32937916-32937991	NA	NA	NA	NA	NA	NA	720	1755	24	999	6632	1493
105_BRCA2_ex18_c_Nilmn_MixB_ctrl	chr13:32937260-32937335	NA	NA	NA	NA	NA	NA	554	998	0	781	3969	1291
106_BRCA2_ex19_a_Nilmn_MixA_ctrl	chr13:32944559-32944628	675	994	6	914	1396	1348	NA	NA	NA	NA	NA	NA
107_BRCA2_ex19_b_Nilmn_MixB_ctrl	chr13:32944603-32944666	NA	NA	NA	NA	NA	NA	533	1365	13	1053	5833	1293
108_BRCA2_ex20_a_Nilmn_MixA_ctrl	chr13:32945089-32945161	588	1075	11	1014	1421	1534	NA	NA	NA	NA	NA	NA
109_BRCA2_ex20_b_Nilmn_MixB_ctrl	chr13:32945213-32945291	NA	NA	NA	NA	NA	NA	672	1688	10	1358	5575	1746
110_BRCA2_ex21_a_Nilmn_MixA_ctrl	chr13:32950828-32950903	918	1099	0	858	1724	1743	NA	NA	NA	NA	NA	NA
111_BRCA2_ex21_b_Nilmn_MixB_ctrl	chr13:32950928-32951003	NA	NA	NA	NA	NA	NA	756	1786	68	1244	6508	1707
112_BRCA2_ex22_a_Nilmn_MixA_ctrl	chr13:32953549-32953618	994	1261	3	964	1554	1880	NA	NA	NA	NA	NA	NA
113_BRCA2_ex23_a_Nilmn_MixA_ctrl	chr13:32953891-32953967	1038	1493	11	1075	1769	1702	NA	NA	NA	NA	NA	NA
114_BRCA2_ex23_b_Nilmn_MixB_ctrl	chr13:32953855-32953924	NA	NA	NA	NA	NA	NA	699	1744	63	1240	6335	1691
115_BRCA2_ex24_a_Nilmn_MixA_ctrl	chr13:32954214-32954283	784	950	7	858	1152	1356	NA	NA	NA	NA	NA	NA
116_BRCA2_ex24_b_Nilmn_MixB_ctrl	chr13:32954182-32954252	NA	NA	NA	NA	NA	NA	831	1689	299	1534	5789	1398
117_BRCA2_ex25_a_Nilmn_MixA_ctrl	chr13:32969023-32969098	893	1207	7	915	1471	1731	NA	NA	NA	NA	NA	NA
118_BRCA2_ex25_b_Nilmn_MixB_ctrl	chr13:32968987-32969062	NA	NA	NA	NA	NA	NA	657	1514	13	1033	5110	1524
119_BRCA2_ex26_a_Nilmn_MixA_ctrl	chr13:32971057-32971132	788	1081	3	781	1450	1552	NA	NA	NA	NA	NA	NA
120_BRCA2_ex26_b_Nilmn_MixB_ctrl	chr13:32971118-32971193	NA	NA	NA	NA	NA	NA	799	1766	19	1060	5877	1895
121_BRCA2_ex27_a_Nilmn_MixA_ctrl	chr13:32973026-32973101	547	718	5	465	1096	865	NA	NA	NA	NA	NA	NA
122_BRCA2_ex27_b_Nilmn_MixA_ctrl	chr13:32972382-32972454	741	1053	0	799	1499	1420	NA	NA	NA	NA	NA	NA
123_BRCA2_ex27_c_Nilmn_MixB_ctrl	chr13:32972508-32972571	NA	NA	NA	NA	NA	NA	666	1034	10	907	5054	1322
124_BRCA2_ex27_d_Nilmn_MixB_ctrl	chr13:32972681-32972756	NA	NA	NA	NA	NA	NA	550	1273	1	638	3601	1275
125_RB1_ex6_a_Nilmn_MixAMixB_ctrl	chr13:48923213-48923282	844	1039	0	842	1404	1507	601	1190	0	774	5244	1536
126_NF1_ex26_a_Nilmn_MixAMixB_ctrl	chr17:29559810-29559876	583	931	6	840	1109	1372	565	1029	1	776	4251	949
127_PTENP1_ex1_a_Nilmn_MixAMixB_ctrl	chr9:33674992-33675070	1134	1266	32	958	1591	1622	1163	1650	1	880	5399	1786
128_ITIH5_ex15_a_Nilmn_MixAMixB_ctrl	chr10:7608187-7608260	528	683	19	668	995	998	586	992	1	815	3425	1056
129_ANXA7_ex3_a_Nilmn_MixAMixB_ctrl	chr10:75158031-75158101	468	605	11	453	734	628	372	703	11	549	2698	709
130_PTEN_ex1_a_Nilmn_MixAMixB_ctrl	chr10:89623364-89623432	552	873	12	725	1441	1164	503	1202	3	932	5573	1368
131_PTEN_ex1_b_Nilmn_MixAMixB_ctrl	chr10:89624124-89624211	544	856	2	660	1051	1200	532	953	0	610	3020	1156
132_PTEN_ex1_c_Nilmn_MixAMixB_ctrl	chr10:89624274-89624356	1112	1367	85	1142	1869	1967	827	1958	31	1283	7053	1778
133_PTEN_ex2_a_Nilmn_MixAMixB_ctrl	chr10:89654034-89654112	1037	1452	11	1106	1751	1800	973	1620	0	1084	5527	1934
134_PTEN_ex2_b_Nilmn_MixAMixB_ctrl	chr10:89653729-89653829	815	755	11	710	1536	1313	554	1223	4	497	3264	1688
135_PTEN_ex3_a_Nilmn_MixAMixB_ctrl	chr10:89685502-89685586	1061	1367	10	1066	1758	1897	1131	1879	1	1059	6302	1891
136_PTEN_ex3_b_Nilmn_MixAMixB_ctrl	chr10:89685293-89685400	708	1012	23	785	1482	1446	646	1293	4	577	3477	1696
137_PTEN_ex4_a_Nilmn_MixAMixB_ctrl	chr10:89690733-89690831	1039	1204	14	947	1876	1922	1041	1950	0	760	4766	1978
138_PTEN_ex4_b_Nilmn_MixAMixB_ctrl	chr10:89690846-89690945	1197	1642	22	985	2014	2192	995	1968	3	1026	5742	2161
139_PTEN_ex5_a_Nilmn_MixAMixB_ctrl	chr10:89692886-89692971	849	938	66	775	1213	1346	666	1284	36	953	3438	1428
140_PTEN_ex5_b_Nilmn_MixAMixB_ctrl	chr10:89692977-89693067	1132	1129	1	949	1680	1875	1021	1620	0	772	4780	1822
141_PTEN_ex6_a_Nilmn_MixAMixB_ctrl	chr10:89711888-89711969	1122	1122	1	801	1620	1533	906	1445	0	708	5239	1597
142_PTEN_ex6_b_Nilmn_MixAMixB_ctrl	chr10:89711964-89712043	1172	1126	6	956	1546	1803	973	1609	4	1110	6451	1607
143_PTEN_ex7_a_Nilmn_MixAMixB_ctrl	chr10:89717745-89717832	1091	1119	3	886	1809	1825	899	1675	0	850	5064	1940
144_PTEN_ex7_b_Nilmn_MixAMixB_ctrl	chr10:89717647-89717722	973	1017	2	693	1529	1353	972	1187	6	868	5458	1382
145_PTEN_ex8_a_Nilmn_MixAMixB_ctrl	chr10:89720891-89720966	985	1228	10	860	1444	1576	970	1464	5	1113	6230	1363
146_PTEN_ex8_b_Nilmn_MixAMixB_ctrl	chr10:89720755-89720856	1207	1338	2	944	2369	2016	1090	1562	0	746	5975	2140
147_PTEN_ex9_a_Nilmn_MixAMixB_ctrl	chr10:89726134-89726213	910	1262	4	976	1430	1708	857	1688	1	895	6375	1601
148_PTEN_ex9_b_Nilmn_MixAMixB_ctrl	chr10:89725304-89725391	1137	1596	0	1023	1936	1881	1054	1727	2	1102	5686	2172
149_PTEN_ex9_c_Nilmn_MixAMixB_ctrl	chr10:89724998-89725084	984	1339	7	922	1826	1810	915	1469	0	823	6171	1826
150_HTRA1_ex8_a_Nilmn_MixAMixB_ctrl	chr10:124271513-124271584	624	770	0	558	1082	1119	510	979	1	622	3687	1054
151_CCNE1_ex11_1_Nilmn_MixAMixB	chr19:30313375-30313438	796	1146	0	764	1612	1331	654	1633	0	933	5743	1534
152_CCNE1_ex6_1_Nilmn_MixAMixB	chr19:30308310-30308385	912	1376	0	1065	1661	1630	829	1648	0	707	5167	1724
153_EMSY_ex16_a_Nilmn_MixAMixB	chr11:76248895-76248964	1137	1459	3	907	1530	1583	962	1593	5	1232	6173	1556
154_ERBB2_ex13_a_Nilmn_MixAMixB	chr17:37868639-37868699	4491	985	101	815	1239	1209	3922	1140	17	909	4595	1097
155_ERBB2_ex7_a_Nilmn_MixAMixB	chr17:37864569-37864627	4187	764	17	812	1083	1132	3489	1032	1	876	4722	947
156_MET_ex4_a_Nilmn_MixAMixB	chr7:116380108-116380171	1031	1079	0	944	1456	1528	972	1262	2	1068	5930	1272
157_MYC_ex3_a_Nilmn_MixAMixB	chr8:128752820-128752880	4717	959	3	776	1192	1131	3885	999	3	1032	5014	1153
158_AURKA_ex10_a_Nilmn_MixAMixB	chr20:54945498-54945580	1110	1029	1	1018	1832	1983	1110	1981	3	802	6785	1771
